{
 "cells": [
  {
   "cell_type": "code",
   "execution_count": 8,
   "metadata": {},
   "outputs": [
    {
     "name": "stdout",
     "output_type": "stream",
     "text": [
      "[  771.92931353 -1163.21002039  -963.21002039]\n",
      "[[ 0.6 -0.7]\n",
      " [-0.2  0.4]]\n"
     ]
    }
   ],
   "source": [
    "import numpy as np\n",
    "k_o = 0.499\n",
    "alpha_prime = 0.499\n",
    "\n",
    "#testing inverse solution\n",
    "K = np.array([[1,-1,2],[3,2,0],[3,2,0]])\n",
    "I = np.identity(3)\n",
    "y = np.array([1,1,-1])\n",
    "c = 100\n",
    "W = K-np.dot((1/c),I)\n",
    "a = np.linalg.solve(W, y)\n",
    "print(a)\n",
    "\n",
    "A = np.array([[4,7],[2,6]])\n",
    "I_2 = np.identity(2)\n",
    "print(np.linalg.solve(A, I_2))\n",
    "\n",
    "#K matrix without exceptions\n",
    "def K_block(n, k_o):\n",
    "    A = np.identity(n-1)\n",
    "    D = A\n",
    "    k_oArr = k_o * np.ones(n-2)\n",
    "    B = np.diag(k_oArr, k=1) + np.diag(k_oArr, k=-1)\n",
    "    C = B\n",
    "    return np.block([[A,B],[B,A]])    \n",
    "    \n",
    "#def tridiag_exception()"
   ]
  },
  {
   "cell_type": "code",
   "execution_count": 9,
   "metadata": {},
   "outputs": [
    {
     "data": {
      "text/plain": [
       "array([[1., 1., 1.],\n",
       "       [1., 1., 1.],\n",
       "       [1., 1., 1.]])"
      ]
     },
     "execution_count": 9,
     "metadata": {},
     "output_type": "execute_result"
    }
   ],
   "source": [
    "np.ones((3,3))"
   ]
  },
  {
   "cell_type": "code",
   "execution_count": 10,
   "metadata": {},
   "outputs": [
    {
     "data": {
      "text/plain": [
       "array([[1, 1, 2],\n",
       "       [3, 3, 4]])"
      ]
     },
     "execution_count": 10,
     "metadata": {},
     "output_type": "execute_result"
    }
   ],
   "source": [
    "import numpy as np\n",
    "A = np.array([[1,1]])\n",
    "C = 3 * A\n",
    "B = np.array([[2]])\n",
    "D = 2 * B\n",
    "np.block([[A,B],[C,D]])"
   ]
  },
  {
   "cell_type": "code",
   "execution_count": 11,
   "metadata": {},
   "outputs": [
    {
     "name": "stdout",
     "output_type": "stream",
     "text": [
      "[[1 1 2]\n",
      " [3 3 4]]\n"
     ]
    }
   ],
   "source": [
    "import numpy as np\n",
    "\n",
    "# Define sub-blocks as 2D arrays\n",
    "A = np.array([[1, 1]])  # 1x2 array\n",
    "B = np.array([[2]])     # 1x1 array\n",
    "\n",
    "# Element-wise multiplication to scale the arrays\n",
    "C = 3 * A  # Multiplies each element in A by 3, resulting in a 1x2 array\n",
    "D = 2 * B  # Multiplies each element in B by 2, resulting in a 1x1 array\n",
    "\n",
    "# Combine these sub-blocks into a block matrix using np.block\n",
    "block_matrix = np.block([[A, B],\n",
    "                         [C, D]])\n",
    "\n",
    "print(block_matrix)\n"
   ]
  },
  {
   "cell_type": "code",
   "execution_count": 12,
   "metadata": {},
   "outputs": [
    {
     "name": "stdout",
     "output_type": "stream",
     "text": [
      "[[0.  0.5 0.  0.  0.  0.  0. ]\n",
      " [0.5 0.  0.5 0.  0.  0.  0. ]\n",
      " [0.  0.5 0.  0.5 0.  0.  0. ]\n",
      " [0.  0.  0.5 0.  0.5 0.  0. ]\n",
      " [0.  0.  0.  0.5 0.  0.5 0. ]\n",
      " [0.  0.  0.  0.  0.5 0.  0.5]\n",
      " [0.  0.  0.  0.  0.  0.5 0. ]]\n"
     ]
    }
   ],
   "source": [
    "import numpy as np\n",
    "n=7\n",
    "k_o = 0.5\n",
    "diag_len = n-1\n",
    "B = k_o * np.diag(np.ones((diag_len)), k=1) + k_o * np.diag(np.ones((diag_len)), k=-1)\n",
    "print(B)"
   ]
  },
  {
   "cell_type": "code",
   "execution_count": 13,
   "metadata": {},
   "outputs": [
    {
     "name": "stdout",
     "output_type": "stream",
     "text": [
      "A [1. 0. 0. 1. 0. 0.]\n",
      "B [0. 1. 1. 0. 0. 0.]\n",
      "C [0. 1. 1. 0. 0. 0.]\n",
      "D [1. 0. 0. 1. 0. 0.]\n",
      "K [[1.    0.    0.    0.    0.    0.    0.    0.499 0.    0.    0.    0.   ]\n",
      " [0.    1.    0.    0.    0.    0.    0.499 0.    0.499 0.    0.    0.   ]\n",
      " [0.    0.    1.    0.    0.    0.    0.    0.499 0.    0.499 0.    0.   ]\n",
      " [0.    0.    0.    1.    0.    0.    0.    0.    0.499 0.    0.499 0.   ]\n",
      " [0.    0.    0.    0.    1.    0.    0.    0.    0.    0.499 0.    0.499]\n",
      " [0.    0.    0.    0.    0.    1.    0.    0.    0.    0.    0.499 0.   ]\n",
      " [0.    0.499 0.    0.    0.    0.    1.    0.    0.    0.    0.    0.   ]\n",
      " [0.499 0.    0.499 0.    0.    0.    0.    1.    0.    0.    0.    0.   ]\n",
      " [0.    0.499 0.    0.499 0.    0.    0.    0.    1.    0.    0.    0.   ]\n",
      " [0.    0.    0.499 0.    0.499 0.    0.    0.    0.    1.    0.    0.   ]\n",
      " [0.    0.    0.    0.499 0.    0.499 0.    0.    0.    0.    1.    0.   ]\n",
      " [0.    0.    0.    0.    0.499 0.    0.    0.    0.    0.    0.    1.   ]]\n",
      "E_1 [[0.499 0.    0.    0.499 0.    0.    0.    0.499 0.499 0.    0.    0.   ]\n",
      " [0.    0.499 0.499 0.    0.    0.    0.499 0.    0.    0.499 0.    0.   ]]\n",
      "E_2 [[0.499 0.   ]\n",
      " [0.    0.499]\n",
      " [0.    0.499]\n",
      " [0.499 0.   ]\n",
      " [0.    0.   ]\n",
      " [0.    0.   ]\n",
      " [0.    0.499]\n",
      " [0.499 0.   ]\n",
      " [0.499 0.   ]\n",
      " [0.    0.499]\n",
      " [0.    0.   ]\n",
      " [0.    0.   ]]\n",
      "E_3 [[1. 0.]\n",
      " [0. 1.]]\n",
      "W [[1.    0.    0.    0.    0.    0.    0.    0.499 0.    0.    0.    0.   ]\n",
      " [0.    1.    0.    0.    0.    0.    0.499 0.    0.499 0.    0.    0.   ]\n",
      " [0.    0.    1.    0.    0.    0.    0.    0.499 0.    0.499 0.    0.   ]\n",
      " [0.    0.    0.    1.    0.    0.    0.    0.    0.499 0.    0.499 0.   ]\n",
      " [0.    0.    0.    0.    1.    0.    0.    0.    0.    0.499 0.    0.499]\n",
      " [0.    0.    0.    0.    0.    1.    0.    0.    0.    0.    0.499 0.   ]\n",
      " [0.    0.499 0.    0.    0.    0.    1.    0.    0.    0.    0.    0.   ]\n",
      " [0.499 0.    0.499 0.    0.    0.    0.    1.    0.    0.    0.    0.   ]\n",
      " [0.    0.499 0.    0.499 0.    0.    0.    0.    1.    0.    0.    0.   ]\n",
      " [0.    0.    0.499 0.    0.499 0.    0.    0.    0.    1.    0.    0.   ]\n",
      " [0.    0.    0.    0.499 0.    0.499 0.    0.    0.    0.    1.    0.   ]\n",
      " [0.    0.    0.    0.    0.499 0.    0.    0.    0.    0.    0.    1.   ]\n",
      " [0.499 0.    0.    0.499 0.    0.    0.    0.499 0.499 0.    0.    0.   ]\n",
      " [0.    0.499 0.499 0.    0.    0.    0.499 0.    0.    0.499 0.    0.   ]]\n",
      "X [[0.499 0.   ]\n",
      " [0.    0.499]\n",
      " [0.    0.499]\n",
      " [0.499 0.   ]\n",
      " [0.    0.   ]\n",
      " [0.    0.   ]\n",
      " [0.    0.499]\n",
      " [0.499 0.   ]\n",
      " [0.499 0.   ]\n",
      " [0.    0.499]\n",
      " [0.    0.   ]\n",
      " [0.    0.   ]\n",
      " [1.    0.   ]\n",
      " [0.    1.   ]]\n",
      "Z [[1.    0.    0.    0.    0.    0.    0.    0.499 0.    0.    0.    0.\n",
      "  0.499 0.   ]\n",
      " [0.    1.    0.    0.    0.    0.    0.499 0.    0.499 0.    0.    0.\n",
      "  0.    0.499]\n",
      " [0.    0.    1.    0.    0.    0.    0.    0.499 0.    0.499 0.    0.\n",
      "  0.    0.499]\n",
      " [0.    0.    0.    1.    0.    0.    0.    0.    0.499 0.    0.499 0.\n",
      "  0.499 0.   ]\n",
      " [0.    0.    0.    0.    1.    0.    0.    0.    0.    0.499 0.    0.499\n",
      "  0.    0.   ]\n",
      " [0.    0.    0.    0.    0.    1.    0.    0.    0.    0.    0.499 0.\n",
      "  0.    0.   ]\n",
      " [0.    0.499 0.    0.    0.    0.    1.    0.    0.    0.    0.    0.\n",
      "  0.    0.499]\n",
      " [0.499 0.    0.499 0.    0.    0.    0.    1.    0.    0.    0.    0.\n",
      "  0.499 0.   ]\n",
      " [0.    0.499 0.    0.499 0.    0.    0.    0.    1.    0.    0.    0.\n",
      "  0.499 0.   ]\n",
      " [0.    0.    0.499 0.    0.499 0.    0.    0.    0.    1.    0.    0.\n",
      "  0.    0.499]\n",
      " [0.    0.    0.    0.499 0.    0.499 0.    0.    0.    0.    1.    0.\n",
      "  0.    0.   ]\n",
      " [0.    0.    0.    0.    0.499 0.    0.    0.    0.    0.    0.    1.\n",
      "  0.    0.   ]\n",
      " [0.499 0.    0.    0.499 0.    0.    0.    0.499 0.499 0.    0.    0.\n",
      "  1.    0.   ]\n",
      " [0.    0.499 0.499 0.    0.    0.    0.499 0.    0.    0.499 0.    0.\n",
      "  0.    1.   ]]\n",
      "[[1.    0.    0.    0.    0.    0.    0.    0.499 0.    0.    0.    0.\n",
      "  0.499 0.   ]\n",
      " [0.    1.    0.    0.    0.    0.    0.499 0.    0.499 0.    0.    0.\n",
      "  0.    0.499]\n",
      " [0.    0.    1.    0.    0.    0.    0.    0.499 0.    0.499 0.    0.\n",
      "  0.    0.499]\n",
      " [0.    0.    0.    1.    0.    0.    0.    0.    0.499 0.    0.499 0.\n",
      "  0.499 0.   ]\n",
      " [0.    0.    0.    0.    1.    0.    0.    0.    0.    0.499 0.    0.499\n",
      "  0.    0.   ]\n",
      " [0.    0.    0.    0.    0.    1.    0.    0.    0.    0.    0.499 0.\n",
      "  0.    0.   ]\n",
      " [0.    0.499 0.    0.    0.    0.    1.    0.    0.    0.    0.    0.\n",
      "  0.    0.499]\n",
      " [0.499 0.    0.499 0.    0.    0.    0.    1.    0.    0.    0.    0.\n",
      "  0.499 0.   ]\n",
      " [0.    0.499 0.    0.499 0.    0.    0.    0.    1.    0.    0.    0.\n",
      "  0.499 0.   ]\n",
      " [0.    0.    0.499 0.    0.499 0.    0.    0.    0.    1.    0.    0.\n",
      "  0.    0.499]\n",
      " [0.    0.    0.    0.499 0.    0.499 0.    0.    0.    0.    1.    0.\n",
      "  0.    0.   ]\n",
      " [0.    0.    0.    0.    0.499 0.    0.    0.    0.    0.    0.    1.\n",
      "  0.    0.   ]\n",
      " [0.499 0.    0.    0.499 0.    0.    0.    0.499 0.499 0.    0.    0.\n",
      "  1.    0.   ]\n",
      " [0.    0.499 0.499 0.    0.    0.    0.499 0.    0.    0.499 0.    0.\n",
      "  0.    1.   ]]\n"
     ]
    }
   ],
   "source": [
    "import numpy as np\n",
    "\n",
    "n=7\n",
    "k_o = 0.499\n",
    "k_s = 1\n",
    "alpha = 1 - (2 * (k_o/k_s))\n",
    "alpha_prime = k_o/k_s\n",
    "\n",
    "#K matrix without exceptions\n",
    "def k_block(n, k_o, return_k):\n",
    "    arr_len = n-1\n",
    "    A = np.identity(arr_len)\n",
    "    D = A\n",
    "    diag_len = arr_len-1\n",
    "    B = k_o * np.diag(np.ones((diag_len)), k=1) + k_o * np.diag(np.ones((diag_len)), k=-1)\n",
    "    C = B\n",
    "    E = np.block([[A,B],[B,A]]) \n",
    "    if return_k == False:\n",
    "        return B\n",
    "    else:\n",
    "        return E\n",
    "\n",
    "def e_i(n, i):\n",
    "    len_arr = n-1\n",
    "    array_pos = i-1     #(-1 to normalize), p and q refer to normal indices (from 1 to len_arr)\n",
    "    arr = np.zeros(len_arr)\n",
    "    if i > 0 and i < n: #if outside, k_o excluded from similarity matrix e.g. AE exception for n=5\n",
    "        arr[array_pos] = 1 \n",
    "    return arr\n",
    "\n",
    "p = 4\n",
    "q = 2\n",
    "\n",
    "#columns in k matrix representing exceptions\n",
    "def k_exp_horiz(n, p, q, k_o):\n",
    "    A = e_i(n, p) + e_i(n, q-1)\n",
    "    B = e_i(n, q) + e_i(n, p-1)\n",
    "    C = e_i(n, p-1) + e_i(n, q)\n",
    "    D = e_i(n, q-1) + e_i(n, p)\n",
    "    E = k_o * np.block([[A,C],[B,D]])\n",
    "\n",
    "    print('A', A)\n",
    "    print('B', B)\n",
    "    print('C', C)\n",
    "    print('D', D)\n",
    "    return E\n",
    "\n",
    "\n",
    "K = k_block(n, k_o, True)\n",
    "E_1 = k_exp_horiz(n, p, q, k_o)\n",
    "E_2 = E_1.transpose()\n",
    "E_3 = np.identity(2) #2 since there's only 2 columns for exceptions\n",
    "\n",
    "print('K', K)\n",
    "print('E_1', E_1)\n",
    "print('E_2', E_2)\n",
    "print('E_3', E_3)\n",
    "\n",
    "def k_block_excep(K, E_1, E_2, E_3):\n",
    "    W = np.concatenate([K, E_1])\n",
    "    print('W', W)\n",
    "    X = np.concatenate([E_2, E_3])\n",
    "    print('X', X)\n",
    "    Z = np.concatenate([W, X], 1)\n",
    "    print('Z', Z)\n",
    "    return Z\n",
    "\n",
    "K = k_block_excep(K, E_1, E_2, E_3)\n",
    "print(K)\n",
    "\n",
    "\n",
    "\n"
   ]
  },
  {
   "cell_type": "code",
   "execution_count": 14,
   "metadata": {},
   "outputs": [
    {
     "name": "stdout",
     "output_type": "stream",
     "text": [
      "A [1. 0. 0.]\n",
      "B [0. 1. 1.]\n",
      "C [0. 1. 1.]\n",
      "D [1. 0. 0.]\n",
      "A [1. 0. 0.]\n",
      "B [0. 1. 1.]\n",
      "C [0. 1. 1.]\n",
      "D [1. 0. 0.]\n",
      "False\n"
     ]
    },
    {
     "name": "stderr",
     "output_type": "stream",
     "text": [
      "C:\\Users\\lukel\\AppData\\Local\\Temp\\ipykernel_72156\\354681684.py:12: DeprecationWarning: elementwise comparison failed; this will raise an error in the future.\n",
      "  print(K_exp_create(4, 4, 2, k_o) == K)\n"
     ]
    }
   ],
   "source": [
    "def K_exp_create(n,p,q,k_o):\n",
    "    K = k_block(n, k_o, True)\n",
    "    E_1 = k_exp_horiz(n, p, q, k_o)\n",
    "    E_2 = E_1.transpose()\n",
    "    E_3 = np.identity(2) #2 since there's only 2 columns for exceptions\n",
    "    W = np.concatenate([K, E_1])\n",
    "    X = np.concatenate([E_2, E_3])\n",
    "    Z = np.concatenate([W, X], 1)\n",
    "    return Z\n",
    "\n",
    "K_exp_create(4, 4, 2, k_o)\n",
    "print(K_exp_create(4, 4, 2, k_o) == K)"
   ]
  },
  {
   "cell_type": "code",
   "execution_count": 15,
   "metadata": {},
   "outputs": [
    {
     "data": {
      "text/plain": [
       "2.150033253074789e-05"
      ]
     },
     "execution_count": 15,
     "metadata": {},
     "output_type": "execute_result"
    }
   ],
   "source": [
    "np.linalg.det(K)"
   ]
  },
  {
   "cell_type": "code",
   "execution_count": 16,
   "metadata": {},
   "outputs": [
    {
     "name": "stdout",
     "output_type": "stream",
     "text": [
      "[[1.    0.    0.    0.    0.    0.    0.    0.499 0.    0.    0.    0.\n",
      "  0.499 0.   ]\n",
      " [0.    1.    0.    0.    0.    0.    0.499 0.    0.499 0.    0.    0.\n",
      "  0.    0.499]\n",
      " [0.    0.    1.    0.    0.    0.    0.    0.499 0.    0.499 0.    0.\n",
      "  0.    0.499]\n",
      " [0.    0.    0.    1.    0.    0.    0.    0.    0.499 0.    0.499 0.\n",
      "  0.499 0.   ]\n",
      " [0.    0.    0.    0.    1.    0.    0.    0.    0.    0.499 0.    0.499\n",
      "  0.    0.   ]\n",
      " [0.    0.    0.    0.    0.    1.    0.    0.    0.    0.    0.499 0.\n",
      "  0.    0.   ]\n",
      " [0.    0.499 0.    0.    0.    0.    1.    0.    0.    0.    0.    0.\n",
      "  0.    0.499]\n",
      " [0.499 0.    0.499 0.    0.    0.    0.    1.    0.    0.    0.    0.\n",
      "  0.499 0.   ]\n",
      " [0.    0.499 0.    0.499 0.    0.    0.    0.    1.    0.    0.    0.\n",
      "  0.499 0.   ]\n",
      " [0.    0.    0.499 0.    0.499 0.    0.    0.    0.    1.    0.    0.\n",
      "  0.    0.499]\n",
      " [0.    0.    0.    0.499 0.    0.499 0.    0.    0.    0.    1.    0.\n",
      "  0.    0.   ]\n",
      " [0.    0.    0.    0.    0.499 0.    0.    0.    0.    0.    0.    1.\n",
      "  0.    0.   ]\n",
      " [0.499 0.    0.    0.499 0.    0.    0.    0.499 0.499 0.    0.    0.\n",
      "  1.    0.   ]\n",
      " [0.    0.499 0.499 0.    0.    0.    0.499 0.    0.    0.499 0.    0.\n",
      "  0.    1.   ]]\n",
      "y [ 1.  1.  1.  1.  1.  1. -1. -1. -1. -1. -1. -1.  1. -1.]\n",
      "[   3.39101656  501.12883073  502.53395489    7.61202079    7.05380217\n",
      "    4.51984728   -3.39101656 -501.12883073 -502.53395489   -7.61202079\n",
      "   -7.05380217   -4.51984728  496.33721438 -496.33721438]\n"
     ]
    }
   ],
   "source": [
    "print(K)\n",
    "I = np.identity(n-1)\n",
    "\n",
    "def create_y(n):\n",
    "    A = np.ones(n-1)\n",
    "    B = A * -1\n",
    "    C = np.array([1, -1])\n",
    "    D = np.concatenate([A, B, C])\n",
    "    return D\n",
    "y = create_y(n)\n",
    "print('y', y)\n",
    "a = np.linalg.solve(K, y)\n",
    "print(a)"
   ]
  },
  {
   "cell_type": "code",
   "execution_count": 17,
   "metadata": {},
   "outputs": [
    {
     "name": "stdout",
     "output_type": "stream",
     "text": [
      "[[ 1.84870590e+00 -2.10412325e-01  6.33993351e-01  4.24658396e-01\n",
      "   2.78314982e-01  1.40799609e-01  1.41371329e-01 -7.78764526e-01\n",
      "   3.53193609e-01 -4.18866280e-01 -2.82163544e-01 -1.38879176e-01\n",
      "  -9.22048894e-01 -7.28969515e-02]\n",
      " [-2.10412325e-01  8.53688874e+01  8.20488462e+01  1.59420953e+00\n",
      "  -8.72692884e-01  5.28575626e-01 -7.78764526e-01 -8.19317182e+01\n",
      "  -8.44889251e+01  1.31340979e+00 -1.05926979e+00  4.35473749e-01\n",
      "   8.23533862e+01 -8.38082370e+01]\n",
      " [ 6.33993351e-01  8.20488462e+01  8.54640924e+01 -8.92313520e-01\n",
      "   1.34294584e+00 -2.95855199e-01  3.53193609e-01 -8.44889251e+01\n",
      "  -8.20230900e+01 -2.02114425e+00  5.92896191e-01 -6.70129972e-01\n",
      "   8.32183973e+01 -8.27566490e+01]\n",
      " [ 4.24658396e-01  1.59420953e+00 -8.92313520e-01  4.62060836e+00\n",
      "  -8.17000171e-01  1.53200750e+00 -4.18866280e-01  1.31340979e+00\n",
      "  -2.02114425e+00  1.22959181e+00 -3.07015532e+00  4.07683085e-01\n",
      "  -2.16442862e+00 -7.54798146e-01]\n",
      " [ 2.78314982e-01 -8.72692884e-01  1.34294584e+00 -8.17000171e-01\n",
      "   3.37151914e+00 -2.70884328e-01 -2.82163544e-01 -1.05926979e+00\n",
      "   5.92896191e-01 -3.07015532e+00  5.42854365e-01 -1.68238805e+00\n",
      "   5.01524336e-01  1.43815089e+00]\n",
      " [ 1.40799609e-01  5.28575626e-01 -2.95855199e-01  1.53200750e+00\n",
      "  -2.70884328e-01  1.83951164e+00 -1.38879176e-01  4.35473749e-01\n",
      "  -6.70129972e-01  4.07683085e-01 -1.68238805e+00  1.35171280e-01\n",
      "  -7.17637294e-01 -2.50260644e-01]\n",
      " [ 1.41371329e-01 -7.78764526e-01  3.53193609e-01 -4.18866280e-01\n",
      "  -2.82163544e-01 -1.38879176e-01  1.84870590e+00 -2.10412325e-01\n",
      "   6.33993351e-01  4.24658396e-01  2.78314982e-01  1.40799609e-01\n",
      "  -7.28969515e-02 -9.22048894e-01]\n",
      " [-7.78764526e-01 -8.19317182e+01 -8.44889251e+01  1.31340979e+00\n",
      "  -1.05926979e+00  4.35473749e-01 -2.10412325e-01  8.53688874e+01\n",
      "   8.20488462e+01  1.59420953e+00 -8.72692884e-01  5.28575626e-01\n",
      "  -8.38082370e+01  8.23533862e+01]\n",
      " [ 3.53193609e-01 -8.44889251e+01 -8.20230900e+01 -2.02114425e+00\n",
      "   5.92896191e-01 -6.70129972e-01  6.33993351e-01  8.20488462e+01\n",
      "   8.54640924e+01 -8.92313520e-01  1.34294584e+00 -2.95855199e-01\n",
      "  -8.27566490e+01  8.32183973e+01]\n",
      " [-4.18866280e-01  1.31340979e+00 -2.02114425e+00  1.22959181e+00\n",
      "  -3.07015532e+00  4.07683085e-01  4.24658396e-01  1.59420953e+00\n",
      "  -8.92313520e-01  4.62060836e+00 -8.17000171e-01  1.53200750e+00\n",
      "  -7.54798146e-01 -2.16442862e+00]\n",
      " [-2.82163544e-01 -1.05926979e+00  5.92896191e-01 -3.07015532e+00\n",
      "   5.42854365e-01 -1.68238805e+00  2.78314982e-01 -8.72692884e-01\n",
      "   1.34294584e+00 -8.17000171e-01  3.37151914e+00 -2.70884328e-01\n",
      "   1.43815089e+00  5.01524336e-01]\n",
      " [-1.38879176e-01  4.35473749e-01 -6.70129972e-01  4.07683085e-01\n",
      "  -1.68238805e+00  1.35171280e-01  1.40799609e-01  5.28575626e-01\n",
      "  -2.95855199e-01  1.53200750e+00 -2.70884328e-01  1.83951164e+00\n",
      "  -2.50260644e-01 -7.17637294e-01]\n",
      " [-9.22048894e-01  8.23533862e+01  8.32183973e+01 -2.16442862e+00\n",
      "   5.01524336e-01 -7.17637294e-01 -7.28969515e-02 -8.38082370e+01\n",
      "  -8.27566490e+01 -7.54798146e-01  1.43815089e+00 -2.50260644e-01\n",
      "   8.56560304e+01 -8.22073001e+01]\n",
      " [-7.28969515e-02 -8.38082370e+01 -8.27566490e+01 -7.54798146e-01\n",
      "   1.43815089e+00 -2.50260644e-01 -9.22048894e-01  8.23533862e+01\n",
      "   8.32183973e+01 -2.16442862e+00  5.01524336e-01 -7.17637294e-01\n",
      "  -8.22073001e+01  8.56560304e+01]]\n",
      "[   3.39101656  501.12883073  502.53395489    7.61202079    7.05380217\n",
      "    4.51984728   -3.39101656 -501.12883073 -502.53395489   -7.61202079\n",
      "   -7.05380217   -4.51984728  496.33721438 -496.33721438]\n"
     ]
    },
    {
     "data": {
      "text/plain": [
       "14"
      ]
     },
     "execution_count": 17,
     "metadata": {},
     "output_type": "execute_result"
    }
   ],
   "source": [
    "#inverse solution for exceptions\n",
    "K_inv = np.linalg.inv(K)\n",
    "print(K_inv)\n",
    "a = np.dot(K_inv, y)\n",
    "print(a)\n",
    "len(a)\n"
   ]
  },
  {
   "cell_type": "code",
   "execution_count": 18,
   "metadata": {},
   "outputs": [
    {
     "name": "stdout",
     "output_type": "stream",
     "text": [
      "[   3.39101656  501.12883073  502.53395489    7.61202079    7.05380217\n",
      "    4.51984728   -3.39101656 -501.12883073 -502.53395489   -7.61202079\n",
      "   -7.05380217   -4.51984728  496.33721438 -496.33721438]\n",
      "7\n"
     ]
    }
   ],
   "source": [
    "#dual coefficients\n",
    "print(a)\n",
    "print(n)\n"
   ]
  },
  {
   "cell_type": "code",
   "execution_count": 19,
   "metadata": {},
   "outputs": [
    {
     "name": "stdout",
     "output_type": "stream",
     "text": [
      "{1: 3.391016555097286, 2: 501.1288307278266, 3: 502.53395488726414, 4: 7.612020793568181, 5: 7.0538021701633635, 6: 4.5198472829115275}\n",
      "{1: -3.391016555097268, 2: -501.1288307278266, 3: -502.53395488726426, 4: -7.612020793568162, 5: -7.053802170163381, 6: -4.519847282911524}\n",
      "496.33721438494626\n",
      "-496.3372143849463\n"
     ]
    }
   ],
   "source": [
    "# Create a dictionary with keys generated using the index and values from the array\n",
    "num_coeff = n-1\n",
    "b = {i: a[i-1] for i in range(1, num_coeff + 1)}\n",
    "b_bar = {i: a[i-1+n-1] for i in range(1, num_coeff + 1)}\n",
    "c = {1: a[2 * num_coeff]}\n",
    "c_bar = {1: a[2 * num_coeff + 1]}\n",
    "print(b)\n",
    "print(b_bar)\n",
    "print(c[1])\n",
    "print(c_bar[1])"
   ]
  },
  {
   "cell_type": "code",
   "execution_count": 20,
   "metadata": {},
   "outputs": [
    {
     "data": {
      "text/plain": [
       "{1: 3.391016555097286,\n",
       " 2: 501.1288307278266,\n",
       " 3: 502.53395488726414,\n",
       " 4: 7.612020793568181,\n",
       " 5: 7.0538021701633635,\n",
       " 6: 4.5198472829115275}"
      ]
     },
     "execution_count": 20,
     "metadata": {},
     "output_type": "execute_result"
    }
   ],
   "source": [
    "p\n",
    "b"
   ]
  },
  {
   "cell_type": "code",
   "execution_count": 21,
   "metadata": {},
   "outputs": [
    {
     "name": "stdout",
     "output_type": "stream",
     "text": [
      "[ 1.  1.  1.  1.  1.  1. -1. -1. -1. -1. -1. -1.  1. -1.]\n",
      "4 2\n"
     ]
    }
   ],
   "source": [
    "print(np.dot(K, a))\n",
    "print(p,q)"
   ]
  },
  {
   "cell_type": "code",
   "execution_count": 22,
   "metadata": {},
   "outputs": [
    {
     "name": "stdout",
     "output_type": "stream",
     "text": [
      "[   3.39101656  501.12883073  502.53395489    7.61202079    7.05380217\n",
      "    4.51984728   -3.39101656 -501.12883073 -502.53395489   -7.61202079\n",
      "   -7.05380217   -4.51984728  496.33721438 -496.33721438]\n"
     ]
    }
   ],
   "source": [
    "print(a)"
   ]
  },
  {
   "cell_type": "code",
   "execution_count": 23,
   "metadata": {},
   "outputs": [
    {
     "name": "stdout",
     "output_type": "stream",
     "text": [
      "7\n"
     ]
    }
   ],
   "source": [
    "print(n)"
   ]
  },
  {
   "cell_type": "code",
   "execution_count": 24,
   "metadata": {},
   "outputs": [
    {
     "name": "stdout",
     "output_type": "stream",
     "text": [
      "[0.    0.499 0.    0.499 0.    0.    0.499 0.    0.    0.    0.499 0.   ]\n"
     ]
    }
   ],
   "source": [
    "def create_k_row(i,j,n,k_o):\n",
    "    arr_1 = np.zeros(n-1)\n",
    "    arr_2 = np.zeros(n-1)\n",
    "    if j == (i+1): #adjacent pairs\n",
    "        arr_1 = e_i(n, i) \n",
    "    else: #non-adjacent pairs\n",
    "        arr_1 = ( e_i(n, i) + e_i(n, j-1) ) * k_o\n",
    "    arr_2 = (e_i(n, i-1) + e_i(n, j)) * k_o\n",
    "    return np.concatenate([arr_1, arr_2])\n",
    "\n",
    "print(create_k_row(2,5,n,k_o))"
   ]
  },
  {
   "cell_type": "code",
   "execution_count": 25,
   "metadata": {},
   "outputs": [
    {
     "name": "stdout",
     "output_type": "stream",
     "text": [
      "[1.  0.  0.  0.  0.  0.  0.  0.4 0.  0.  0.  0.  0.4 0.  0.  0. ]\n",
      "[[5, 2], [2, 5], [2, 4], [3, 5]]\n"
     ]
    }
   ],
   "source": [
    "alpha_prime = 0.4\n",
    "\n",
    "def exp_pairs_implied(p,q):\n",
    "    pairs = []\n",
    "    pairs.append([p,q])\n",
    "    pairs.append([q,p])\n",
    "    distance = p-q\n",
    "    for i in range(q, p):\n",
    "        for j in range(q+1, p+1):\n",
    "            if abs(i-j) <= distance and abs(i-j) > 1 and not(i == q and j == p):\n",
    "                pairs.append([i,j])\n",
    "    return pairs\n",
    "\n",
    "def create_K_row_exp_2(j,k,alpha_prime,exp_pairs):\n",
    "    list_size = n-1 + len(exp_pairs)\n",
    "    \n",
    "    arr_1 = np.zeros(n-1)\n",
    "    arr_2 = np.zeros(n-1)\n",
    "    arr_3 = np.zeros(len(exp_pairs))\n",
    "\n",
    "    for i in range (0, n-1):\n",
    "        if j == (i+1) and k == (i+2):\n",
    "            arr_1[i] = 1\n",
    "            break\n",
    "        if j == (i+1):\n",
    "            arr_1[i] = alpha_prime\n",
    "        if k == (i+2):\n",
    "            arr_1[i] = alpha_prime\n",
    "    for i in range (0, n-1):\n",
    "        if j == (i+2) and k == (i+1):\n",
    "            arr_2[i] = 1\n",
    "            break\n",
    "        if j == (i+2):\n",
    "            arr_2[i] = alpha_prime\n",
    "        if k == (i+1):\n",
    "            arr_2[i] = alpha_prime\n",
    "\n",
    "    for i in range(0, len(exp_pairs)):\n",
    "        p = exp_pairs[i][0] #first item\n",
    "        q = exp_pairs[i][1] #second item\n",
    "        if j == p and k == q:\n",
    "            arr_3[i] = 1\n",
    "        elif j == p or k == q:\n",
    "            arr_3[i] = alpha_prime\n",
    "\n",
    "    # for i in range(0, len(exp_pairs)):\n",
    "    #     q = exp_pairs[i][0] #first item\n",
    "    #     p = exp_pairs[i][1] #second item\n",
    "    #     if j == p and k == q:\n",
    "    #         arr_4[i] = 1\n",
    "    #     elif j == p or k == q:\n",
    "    #         arr_4[i] = alpha_prime\n",
    "    \n",
    "    return np.concatenate([arr_1, arr_2, arr_3])\n",
    "\n",
    "\n",
    "print(create_K_row_exp_2(1,2,alpha_prime,exp_pairs_implied(5,2)))\n",
    "\n",
    "print(exp_pairs_implied(5,2))"
   ]
  },
  {
   "cell_type": "code",
   "execution_count": 26,
   "metadata": {},
   "outputs": [
    {
     "name": "stdout",
     "output_type": "stream",
     "text": [
      "16\n",
      "[1.0, 0.0, 0.0, 0.0, 0.0, 0.0, 0.0, 0.4, 0.0, 0.0, 0.0, 0.0, 0.4, 0.0, 0.0, 0.0]\n",
      "[0.0, 1.0, 0.0, 0.0, 0.0, 0.0, 0.4, 0.0, 0.4, 0.0, 0.0, 0.0, 0.0, 0.4, 0.4, 0.0]\n",
      "[0.0, 0.0, 1.0, 0.0, 0.0, 0.0, 0.0, 0.4, 0.0, 0.4, 0.0, 0.0, 0.0, 0.0, 0.4, 0.4]\n",
      "[0.0, 0.0, 0.0, 1.0, 0.0, 0.0, 0.0, 0.0, 0.4, 0.0, 0.4, 0.0, 0.0, 0.4, 0.0, 0.4]\n",
      "[0.0, 0.0, 0.0, 0.0, 1.0, 0.0, 0.0, 0.0, 0.0, 0.4, 0.0, 0.4, 0.4, 0.0, 0.0, 0.0]\n",
      "[0.0, 0.0, 0.0, 0.0, 0.0, 1.0, 0.0, 0.0, 0.0, 0.0, 0.4, 0.0, 0.0, 0.0, 0.0, 0.0]\n",
      "[0.0, 0.4, 0.0, 0.0, 0.0, 0.0, 1.0, 0.0, 0.0, 0.0, 0.0, 0.0, 0.0, 0.4, 0.4, 0.0]\n",
      "[0.4, 0.0, 0.4, 0.0, 0.0, 0.0, 0.0, 1.0, 0.0, 0.0, 0.0, 0.0, 0.4, 0.0, 0.0, 0.4]\n",
      "[0.0, 0.4, 0.0, 0.4, 0.0, 0.0, 0.0, 0.0, 1.0, 0.0, 0.0, 0.0, 0.0, 0.0, 0.0, 0.0]\n",
      "[0.0, 0.0, 0.4, 0.0, 0.4, 0.0, 0.0, 0.0, 0.0, 1.0, 0.0, 0.0, 0.4, 0.0, 0.4, 0.0]\n",
      "[0.0, 0.0, 0.0, 0.4, 0.0, 0.4, 0.0, 0.0, 0.0, 0.0, 1.0, 0.0, 0.0, 0.4, 0.0, 0.4]\n",
      "[0.0, 0.0, 0.0, 0.0, 0.4, 0.0, 0.0, 0.0, 0.0, 0.0, 0.0, 1.0, 0.0, 0.0, 0.0, 0.0]\n",
      "[0.4, 0.0, 0.0, 0.0, 0.4, 0.0, 0.0, 0.4, 0.0, 0.4, 0.0, 0.0, 1.0, 0.0, 0.0, 0.0]\n",
      "[0.0, 0.4, 0.0, 0.4, 0.0, 0.0, 0.4, 0.0, 0.0, 0.0, 0.4, 0.0, 0.0, 1.0, 0.4, 0.4]\n",
      "[0.0, 0.4, 0.4, 0.0, 0.0, 0.0, 0.4, 0.0, 0.0, 0.4, 0.0, 0.0, 0.0, 0.4, 1.0, 0.0]\n",
      "[0.0, 0.0, 0.4, 0.4, 0.0, 0.0, 0.0, 0.4, 0.0, 0.0, 0.4, 0.0, 0.0, 0.4, 0.0, 1.0]\n",
      "(16, 16)\n",
      "[ 1.  1.  1.  1.  1.  1. -1. -1. -1. -1. -1. -1.  1. -1.  1.  1.]\n",
      "[ 1.75842593  4.5533427   3.10190419  4.93170652  2.72140202  2.23507633\n",
      " -1.97600376 -6.15842707 -4.79401969 -6.4773065  -3.08769083 -2.08856081\n",
      "  4.26236224 -5.72093109  3.60759778  3.77337531]\n",
      "[ 1.  1.  1.  1.  1.  1. -1. -1. -1. -1. -1. -1.  1. -1.  1.  1.]\n",
      "[0.  0.4 0.4 0.  0.  0.  0.4 0.  0.  0.4 0.  0.  0.  0.4 1.  0. ]\n",
      "-1.0\n",
      "-1.0\n"
     ]
    }
   ],
   "source": [
    "def create_K_exp_2(exp_pairs):\n",
    "    K = []\n",
    "    for i in range(1,n):\n",
    "        K.append(create_K_row_exp_2(i,i+1,alpha_prime,exp_pairs))\n",
    "    for i in range(1, n):\n",
    "        K.append(create_K_row_exp_2(i+1,i,alpha_prime,exp_pairs))\n",
    "    for i in range(0, len(exp_pairs)):\n",
    "        K.append(create_K_row_exp_2(exp_pairs[i][0],exp_pairs[i][1],alpha_prime,exp_pairs))\n",
    "    return K\n",
    "\n",
    "exp_pairs = exp_pairs_implied(5,2)\n",
    "\n",
    "K_exp_2 = create_K_exp_2(exp_pairs)\n",
    "print(len(K_exp_2))\n",
    "for row in K_exp_2:\n",
    "    print(row.tolist())\n",
    "\n",
    "print(np.shape(K_exp_2))\n",
    "\n",
    "def y_create_exp_2(n, exp_pairs):\n",
    "    A = np.ones(n-1)\n",
    "    B = A * -1\n",
    "    C = np.array([1,-1])\n",
    "    D = np.ones(len(exp_pairs)-2)\n",
    "    E = np.concatenate([A, B, C, D])\n",
    "    return E\n",
    "\n",
    "y_exp_2 = y_create_exp_2(n, exp_pairs)\n",
    "\n",
    "print(y_create_exp_2(n, exp_pairs))\n",
    "\n",
    "len_a_exp_2 = 2 * (n-1) + len(exp_pairs)\n",
    "\n",
    "a_exp_2 = np.zeros(len_a_exp_2)\n",
    "\n",
    "a_exp_2 = np.linalg.solve(K_exp_2, y_exp_2)\n",
    "print(a_exp_2)\n",
    "\n",
    "\n",
    "print(K_exp_2 @ a_exp_2)\n",
    "\n",
    "print(create_K_row_exp_2(2,4,alpha_prime,exp_pairs))\n",
    "\n",
    "print(K_exp_2[13] @ a_exp_2)\n",
    "\n",
    "print(K_exp_2[13] @ a_exp_2)"
   ]
  },
  {
   "cell_type": "code",
   "execution_count": 27,
   "metadata": {},
   "outputs": [
    {
     "name": "stdout",
     "output_type": "stream",
     "text": [
      "[   3.39101656  501.12883073  502.53395489    7.61202079    7.05380217\n",
      "    4.51984728   -3.39101656 -501.12883073 -502.53395489   -7.61202079\n",
      "   -7.05380217   -4.51984728  496.33721438 -496.33721438]\n",
      "A [1. 0. 0. 0. 1. 0.]\n",
      "B [0. 1. 0. 1. 0. 0.]\n",
      "C [0. 1. 0. 1. 0. 0.]\n",
      "D [1. 0. 0. 0. 1. 0.]\n",
      "A [1. 0. 0. 0. 1. 0.]\n",
      "B [0. 1. 0. 1. 0. 0.]\n",
      "C [0. 1. 0. 1. 0. 0.]\n",
      "D [1. 0. 0. 0. 1. 0.]\n",
      "test: K@a = y \n",
      "\n",
      "A [1. 0. 0. 0. 1. 0.]\n",
      "B [0. 1. 0. 1. 0. 0.]\n",
      "C [0. 1. 0. 1. 0. 0.]\n",
      "D [1. 0. 0. 0. 1. 0.]\n",
      "A [1. 0. 0. 0. 1. 0.]\n",
      "B [0. 1. 0. 1. 0. 0.]\n",
      "C [0. 1. 0. 1. 0. 0.]\n",
      "D [1. 0. 0. 0. 1. 0.]\n"
     ]
    }
   ],
   "source": [
    "p = 5\n",
    "q = 2\n",
    "\n",
    "def tridiag(n):\n",
    "    arr_len = n-1\n",
    "    diag_len = arr_len-1\n",
    "    B = np.diag(np.ones((diag_len)), k=1) + np.diag(np.ones((diag_len)), k=-1)\n",
    "    return B \n",
    "\n",
    "def k_create(n, alpha_prime):\n",
    "    arr_len = n-1\n",
    "    A = np.identity(arr_len)\n",
    "    D = A\n",
    "    B = alpha_prime*tridiag(n)\n",
    "    C = B\n",
    "    E = np.block([[A,B],[B,A]])\n",
    "    return E\n",
    "\n",
    "def k_create_excep(n, p, q, alpha_prime):\n",
    "    K = k_create(n, alpha_prime)\n",
    "    E_1 = k_exp_horiz(n, p, q, alpha_prime)\n",
    "    E_2 = E_1.transpose()\n",
    "    E_3 = np.identity(2) #2 since there's only 2 columns for exceptions\n",
    "    \n",
    "    W = np.concatenate([K, E_1])\n",
    "    X = np.concatenate([E_2, E_3])\n",
    "    Z = np.concatenate([W, X], 1)\n",
    "    return Z\n",
    "\n",
    "def K_row_exp(j, k):\n",
    "    arr_1 = np.zeros(n-1)\n",
    "    for i in range (0, n-1):\n",
    "        if j == (i+1) and k == (i+2):\n",
    "            arr_1[i] = 1\n",
    "            break\n",
    "        if j == (i+1):\n",
    "            arr_1[i] = alpha_prime\n",
    "        if k == (i+2):\n",
    "            arr_1[i] = alpha_prime\n",
    "    arr_2 = np.zeros(n-1)\n",
    "    for i in range (0, n-1):\n",
    "        if j == (i+2) and k == (i+1):\n",
    "            arr_2[i] = 1\n",
    "            break\n",
    "        if j == (i+2):\n",
    "            arr_2[i] = alpha_prime\n",
    "        if k == (i+1):\n",
    "            arr_2[i] = alpha_prime\n",
    "    arr_3 = np.zeros(2)\n",
    "    if j == p and k == q:\n",
    "        arr_3[0] = 1\n",
    "    elif j == q and k == p:\n",
    "        arr_3[1] = 1 \n",
    "    elif j == p or k == q:\n",
    "        arr_3[0] = alpha_prime\n",
    "    elif j == q or k == p:\n",
    "        arr_3[1] = alpha_prime\n",
    "    \n",
    "    return np.concatenate([arr_1, arr_2, arr_3])\n",
    "\n",
    "def y_create_exp(n):\n",
    "    A = np.ones(n-1)\n",
    "    B = A * -1\n",
    "    C = np.array([1, -1])\n",
    "    D = np.concatenate([A, B, C])\n",
    "    return D\n",
    "\n",
    "def a_exp_create(n, p, q, alpha_prime):\n",
    "    K_exp = k_create_excep(n, p, q, alpha_prime)\n",
    "    y_exp = y_create_exp(n)\n",
    "    a_exp = np.linalg.solve(K_exp, y_exp)\n",
    "    return a_exp\n",
    "\n",
    "print(a)\n",
    "\n",
    "def test_Ka_y():\n",
    "    assert np.allclose(k_create_excep(7, p, q, alpha_prime)@a_exp_create(7, p, q, alpha_prime), y), \"if not equal\"\n",
    "    print('test: K@a = y', '\\n')\n",
    "\n",
    "test_Ka_y()\n",
    "\n",
    "K_exp = k_create_excep(7, p, q, alpha_prime)\n",
    "a_exp = a_exp_create(7, p, q, alpha_prime)\n",
    "\n"
   ]
  },
  {
   "cell_type": "code",
   "execution_count": 28,
   "metadata": {},
   "outputs": [
    {
     "data": {
