{
 "cells": [
  {
   "cell_type": "code",
   "execution_count": 1,
   "metadata": {},
   "outputs": [
    {
     "name": "stdout",
     "output_type": "stream",
     "text": [
      "[  771.92931353 -1163.21002039  -963.21002039]\n",
      "[[ 0.6 -0.7]\n",
      " [-0.2  0.4]]\n"
     ]
    }
   ],
   "source": [
    "import numpy as np\n",
    "k_o = 0.5\n",
    "\n",
    "#testing inverse solution\n",
    "K = np.array([[1,-1,2],[3,2,0],[3,2,0]])\n",
    "I = np.identity(3)\n",
    "y = np.array([1,1,-1])\n",
    "c = 100\n",
    "W = K-np.dot((1/c),I)\n",
    "a = np.linalg.solve(W, y)\n",
    "print(a)\n",
    "\n",
    "A = np.array([[4,7],[2,6]])\n",
    "I_2 = np.identity(2)\n",
    "print(np.linalg.solve(A, I_2))\n",
    "\n",
    "#K matrix without exceptions\n",
    "def K_block(n, k_o):\n",
    "    A = np.identity(n-1)\n",
    "    D = A\n",
    "    k_oArr = k_o * np.ones(n-2)\n",
    "    B = np.diag(k_oArr, k=1) + np.diag(k_oArr, k=-1)\n",
    "    C = B\n",
    "    return np.block([[A,B],[B,A]])    \n",
    "    \n",
    "#def tridiag_exception()"
   ]
  },
  {
   "cell_type": "code",
   "execution_count": 2,
   "metadata": {},
   "outputs": [
    {
     "data": {
      "text/plain": [
       "array([[1., 1., 1.],\n",
       "       [1., 1., 1.],\n",
       "       [1., 1., 1.]])"
      ]
     },
     "execution_count": 2,
     "metadata": {},
     "output_type": "execute_result"
    }
   ],
   "source": [
    "np.ones((3,3))"
   ]
  },
  {
   "cell_type": "code",
   "execution_count": 3,
   "metadata": {},
   "outputs": [
    {
     "data": {
      "text/plain": [
       "array([[1, 1, 2],\n",
       "       [3, 3, 4]])"
      ]
     },
     "execution_count": 3,
     "metadata": {},
     "output_type": "execute_result"
    }
   ],
   "source": [
    "import numpy as np\n",
    "A = np.array([[1,1]])\n",
    "C = 3 * A\n",
    "B = np.array([[2]])\n",
    "D = 2 * B\n",
    "np.block([[A,B],[C,D]])"
   ]
  },
  {
   "cell_type": "code",
   "execution_count": 4,
   "metadata": {},
   "outputs": [
    {
     "name": "stdout",
     "output_type": "stream",
     "text": [
      "[[1 1 2]\n",
      " [3 3 4]]\n"
     ]
    }
   ],
   "source": [
    "import numpy as np\n",
    "\n",
    "# Define sub-blocks as 2D arrays\n",
    "A = np.array([[1, 1]])  # 1x2 array\n",
    "B = np.array([[2]])     # 1x1 array\n",
    "\n",
    "# Element-wise multiplication to scale the arrays\n",
    "C = 3 * A  # Multiplies each element in A by 3, resulting in a 1x2 array\n",
    "D = 2 * B  # Multiplies each element in B by 2, resulting in a 1x1 array\n",
    "\n",
    "# Combine these sub-blocks into a block matrix using np.block\n",
    "block_matrix = np.block([[A, B],\n",
    "                         [C, D]])\n",
    "\n",
    "print(block_matrix)\n"
   ]
  },
  {
   "cell_type": "code",
   "execution_count": 5,
   "metadata": {},
   "outputs": [
    {
     "name": "stdout",
     "output_type": "stream",
     "text": [
      "[[0.  0.5 0.  0.  0.  0.  0. ]\n",
      " [0.5 0.  0.5 0.  0.  0.  0. ]\n",
      " [0.  0.5 0.  0.5 0.  0.  0. ]\n",
      " [0.  0.  0.5 0.  0.5 0.  0. ]\n",
      " [0.  0.  0.  0.5 0.  0.5 0. ]\n",
      " [0.  0.  0.  0.  0.5 0.  0.5]\n",
      " [0.  0.  0.  0.  0.  0.5 0. ]]\n"
     ]
    }
   ],
   "source": [
    "import numpy as np\n",
    "n=7\n",
    "k_o = 0.5\n",
    "diag_len = n-1\n",
    "B = k_o * np.diag(np.ones((diag_len)), k=1) + k_o * np.diag(np.ones((diag_len)), k=-1)\n",
    "print(B)"
   ]
  },
  {
   "cell_type": "code",
   "execution_count": 6,
   "metadata": {},
   "outputs": [
    {
     "name": "stdout",
     "output_type": "stream",
     "text": [
      "A [1. 0. 0. 1. 0. 0.]\n",
      "B [0. 1. 1. 0. 0. 0.]\n",
      "C [0. 1. 1. 0. 0. 0.]\n",
      "D [1. 0. 0. 1. 0. 0.]\n",
      "K [[1.   0.   0.   0.   0.   0.   0.   0.49 0.   0.   0.   0.  ]\n",
      " [0.   1.   0.   0.   0.   0.   0.49 0.   0.49 0.   0.   0.  ]\n",
      " [0.   0.   1.   0.   0.   0.   0.   0.49 0.   0.49 0.   0.  ]\n",
      " [0.   0.   0.   1.   0.   0.   0.   0.   0.49 0.   0.49 0.  ]\n",
      " [0.   0.   0.   0.   1.   0.   0.   0.   0.   0.49 0.   0.49]\n",
      " [0.   0.   0.   0.   0.   1.   0.   0.   0.   0.   0.49 0.  ]\n",
      " [0.   0.49 0.   0.   0.   0.   1.   0.   0.   0.   0.   0.  ]\n",
      " [0.49 0.   0.49 0.   0.   0.   0.   1.   0.   0.   0.   0.  ]\n",
      " [0.   0.49 0.   0.49 0.   0.   0.   0.   1.   0.   0.   0.  ]\n",
      " [0.   0.   0.49 0.   0.49 0.   0.   0.   0.   1.   0.   0.  ]\n",
      " [0.   0.   0.   0.49 0.   0.49 0.   0.   0.   0.   1.   0.  ]\n",
      " [0.   0.   0.   0.   0.49 0.   0.   0.   0.   0.   0.   1.  ]]\n",
      "E_1 [[0.49 0.   0.   0.49 0.   0.   0.   0.49 0.49 0.   0.   0.  ]\n",
      " [0.   0.49 0.49 0.   0.   0.   0.49 0.   0.   0.49 0.   0.  ]]\n",
      "E_2 [[0.49 0.  ]\n",
      " [0.   0.49]\n",
      " [0.   0.49]\n",
      " [0.49 0.  ]\n",
      " [0.   0.  ]\n",
      " [0.   0.  ]\n",
      " [0.   0.49]\n",
      " [0.49 0.  ]\n",
      " [0.49 0.  ]\n",
      " [0.   0.49]\n",
      " [0.   0.  ]\n",
      " [0.   0.  ]]\n",
      "E_3 [[1. 0.]\n",
      " [0. 1.]]\n",
      "W [[1.   0.   0.   0.   0.   0.   0.   0.49 0.   0.   0.   0.  ]\n",
      " [0.   1.   0.   0.   0.   0.   0.49 0.   0.49 0.   0.   0.  ]\n",
      " [0.   0.   1.   0.   0.   0.   0.   0.49 0.   0.49 0.   0.  ]\n",
      " [0.   0.   0.   1.   0.   0.   0.   0.   0.49 0.   0.49 0.  ]\n",
      " [0.   0.   0.   0.   1.   0.   0.   0.   0.   0.49 0.   0.49]\n",
      " [0.   0.   0.   0.   0.   1.   0.   0.   0.   0.   0.49 0.  ]\n",
      " [0.   0.49 0.   0.   0.   0.   1.   0.   0.   0.   0.   0.  ]\n",
      " [0.49 0.   0.49 0.   0.   0.   0.   1.   0.   0.   0.   0.  ]\n",
      " [0.   0.49 0.   0.49 0.   0.   0.   0.   1.   0.   0.   0.  ]\n",
      " [0.   0.   0.49 0.   0.49 0.   0.   0.   0.   1.   0.   0.  ]\n",
      " [0.   0.   0.   0.49 0.   0.49 0.   0.   0.   0.   1.   0.  ]\n",
      " [0.   0.   0.   0.   0.49 0.   0.   0.   0.   0.   0.   1.  ]\n",
      " [0.49 0.   0.   0.49 0.   0.   0.   0.49 0.49 0.   0.   0.  ]\n",
      " [0.   0.49 0.49 0.   0.   0.   0.49 0.   0.   0.49 0.   0.  ]]\n",
      "X [[0.49 0.  ]\n",
      " [0.   0.49]\n",
      " [0.   0.49]\n",
      " [0.49 0.  ]\n",
      " [0.   0.  ]\n",
      " [0.   0.  ]\n",
      " [0.   0.49]\n",
      " [0.49 0.  ]\n",
      " [0.49 0.  ]\n",
      " [0.   0.49]\n",
      " [0.   0.  ]\n",
      " [0.   0.  ]\n",
      " [1.   0.  ]\n",
      " [0.   1.  ]]\n",
      "Z [[1.   0.   0.   0.   0.   0.   0.   0.49 0.   0.   0.   0.   0.49 0.  ]\n",
      " [0.   1.   0.   0.   0.   0.   0.49 0.   0.49 0.   0.   0.   0.   0.49]\n",
      " [0.   0.   1.   0.   0.   0.   0.   0.49 0.   0.49 0.   0.   0.   0.49]\n",
      " [0.   0.   0.   1.   0.   0.   0.   0.   0.49 0.   0.49 0.   0.49 0.  ]\n",
      " [0.   0.   0.   0.   1.   0.   0.   0.   0.   0.49 0.   0.49 0.   0.  ]\n",
      " [0.   0.   0.   0.   0.   1.   0.   0.   0.   0.   0.49 0.   0.   0.  ]\n",
      " [0.   0.49 0.   0.   0.   0.   1.   0.   0.   0.   0.   0.   0.   0.49]\n",
      " [0.49 0.   0.49 0.   0.   0.   0.   1.   0.   0.   0.   0.   0.49 0.  ]\n",
      " [0.   0.49 0.   0.49 0.   0.   0.   0.   1.   0.   0.   0.   0.49 0.  ]\n",
      " [0.   0.   0.49 0.   0.49 0.   0.   0.   0.   1.   0.   0.   0.   0.49]\n",
      " [0.   0.   0.   0.49 0.   0.49 0.   0.   0.   0.   1.   0.   0.   0.  ]\n",
      " [0.   0.   0.   0.   0.49 0.   0.   0.   0.   0.   0.   1.   0.   0.  ]\n",
      " [0.49 0.   0.   0.49 0.   0.   0.   0.49 0.49 0.   0.   0.   1.   0.  ]\n",
      " [0.   0.49 0.49 0.   0.   0.   0.49 0.   0.   0.49 0.   0.   0.   1.  ]]\n",
      "[[1.   0.   0.   0.   0.   0.   0.   0.49 0.   0.   0.   0.   0.49 0.  ]\n",
      " [0.   1.   0.   0.   0.   0.   0.49 0.   0.49 0.   0.   0.   0.   0.49]\n",
      " [0.   0.   1.   0.   0.   0.   0.   0.49 0.   0.49 0.   0.   0.   0.49]\n",
      " [0.   0.   0.   1.   0.   0.   0.   0.   0.49 0.   0.49 0.   0.49 0.  ]\n",
      " [0.   0.   0.   0.   1.   0.   0.   0.   0.   0.49 0.   0.49 0.   0.  ]\n",
      " [0.   0.   0.   0.   0.   1.   0.   0.   0.   0.   0.49 0.   0.   0.  ]\n",
      " [0.   0.49 0.   0.   0.   0.   1.   0.   0.   0.   0.   0.   0.   0.49]\n",
      " [0.49 0.   0.49 0.   0.   0.   0.   1.   0.   0.   0.   0.   0.49 0.  ]\n",
      " [0.   0.49 0.   0.49 0.   0.   0.   0.   1.   0.   0.   0.   0.49 0.  ]\n",
      " [0.   0.   0.49 0.   0.49 0.   0.   0.   0.   1.   0.   0.   0.   0.49]\n",
      " [0.   0.   0.   0.49 0.   0.49 0.   0.   0.   0.   1.   0.   0.   0.  ]\n",
      " [0.   0.   0.   0.   0.49 0.   0.   0.   0.   0.   0.   1.   0.   0.  ]\n",
      " [0.49 0.   0.   0.49 0.   0.   0.   0.49 0.49 0.   0.   0.   1.   0.  ]\n",
      " [0.   0.49 0.49 0.   0.   0.   0.49 0.   0.   0.49 0.   0.   0.   1.  ]]\n"
     ]
    }
   ],
   "source": [
    "import numpy as np\n",
    "\n",
    "n=7\n",
    "k_o = 0.49\n",
    "k_s = 1\n",
    "alpha = 1 - (2 * (k_o/k_s))\n",
    "alpha_prime = k_o/k_s\n",
    "\n",
    "#K matrix without exceptions\n",
    "def k_block(n, k_o, return_k):\n",
    "    arr_len = n-1\n",
    "    A = np.identity(arr_len)\n",
    "    D = A\n",
    "    diag_len = arr_len-1\n",
    "    B = k_o * np.diag(np.ones((diag_len)), k=1) + k_o * np.diag(np.ones((diag_len)), k=-1)\n",
    "    C = B\n",
    "    E = np.block([[A,B],[B,A]]) \n",
    "    if return_k == False:\n",
    "        return B\n",
    "    else:\n",
    "        return E\n",
    "\n",
    "def e_i(n, i):\n",
    "    len_arr = n-1\n",
    "    array_pos = i-1     #(-1 to normalize), p and q refer to normal indices (from 1 to len_arr)\n",
    "    arr = np.zeros(len_arr)\n",
    "    if i > 0 and i < n: #if outside, k_o excluded from similarity matrix e.g. AE exception for n=5\n",
    "        arr[array_pos] = 1 \n",
    "    return arr\n",
    "\n",
    "p = 4\n",
    "q = 2\n",
    "\n",
    "#columns in k matrix representing exceptions\n",
    "def k_exp_horiz(n, p, q, k_o):\n",
    "    A = e_i(n, p) + e_i(n, q-1)\n",
    "    B = e_i(n, q) + e_i(n, p-1)\n",
    "    C = e_i(n, p-1) + e_i(n, q)\n",
    "    D = e_i(n, q-1) + e_i(n, p)\n",
    "    E = k_o * np.block([[A,C],[B,D]])\n",
    "\n",
    "    print('A', A)\n",
    "    print('B', B)\n",
    "    print('C', C)\n",
    "    print('D', D)\n",
    "    return E\n",
    "\n",
    "\n",
    "K = k_block(n, k_o, True)\n",
    "E_1 = k_exp_horiz(n, p, q, k_o)\n",
    "E_2 = E_1.transpose()\n",
    "E_3 = np.identity(2) #2 since there's only 2 columns for exceptions\n",
    "\n",
    "print('K', K)\n",
    "print('E_1', E_1)\n",
    "print('E_2', E_2)\n",
    "print('E_3', E_3)\n",
    "\n",
    "def k_block_excep(K, E_1, E_2, E_3):\n",
    "    W = np.concatenate([K, E_1])\n",
    "    print('W', W)\n",
    "    X = np.concatenate([E_2, E_3])\n",
    "    print('X', X)\n",
    "    Z = np.concatenate([W, X], 1)\n",
    "    print('Z', Z)\n",
    "    return Z\n",
    "\n",
    "K = k_block_excep(K, E_1, E_2, E_3)\n",
    "print(K)\n",
    "\n",
    "\n",
    "\n"
   ]
  },
  {
   "cell_type": "code",
   "execution_count": 7,
   "metadata": {},
   "outputs": [
    {
     "name": "stdout",
     "output_type": "stream",
     "text": [
      "A [1. 0. 0.]\n",
      "B [0. 1. 1.]\n",
      "C [0. 1. 1.]\n",
      "D [1. 0. 0.]\n",
      "A [1. 0. 0.]\n",
      "B [0. 1. 1.]\n",
      "C [0. 1. 1.]\n",
      "D [1. 0. 0.]\n",
      "False\n"
     ]
    },
    {
     "name": "stderr",
     "output_type": "stream",
     "text": [
      "C:\\Users\\lukel\\AppData\\Local\\Temp\\ipykernel_43252\\354681684.py:12: DeprecationWarning: elementwise comparison failed; this will raise an error in the future.\n",
      "  print(K_exp_create(4, 4, 2, k_o) == K)\n"
     ]
    }
   ],
   "source": [
    "def K_exp_create(n,p,q,k_o):\n",
    "    K = k_block(n, k_o, True)\n",
    "    E_1 = k_exp_horiz(n, p, q, k_o)\n",
    "    E_2 = E_1.transpose()\n",
    "    E_3 = np.identity(2) #2 since there's only 2 columns for exceptions\n",
    "    W = np.concatenate([K, E_1])\n",
    "    X = np.concatenate([E_2, E_3])\n",
    "    Z = np.concatenate([W, X], 1)\n",
    "    return Z\n",
    "\n",
    "K_exp_create(4, 4, 2, k_o)\n",
    "print(K_exp_create(4, 4, 2, k_o) == K)"
   ]
  },
  {
   "cell_type": "code",
   "execution_count": 8,
   "metadata": {},
   "outputs": [
    {
     "data": {
      "text/plain": [
       "0.00031643838460330704"
      ]
     },
     "execution_count": 8,
     "metadata": {},
     "output_type": "execute_result"
    }
   ],
   "source": [
    "np.linalg.det(K)"
   ]
  },
  {
   "cell_type": "code",
   "execution_count": 9,
   "metadata": {},
   "outputs": [
    {
     "name": "stdout",
     "output_type": "stream",
     "text": [
      "[[1.   0.   0.   0.   0.   0.   0.   0.49 0.   0.   0.   0.   0.49 0.  ]\n",
      " [0.   1.   0.   0.   0.   0.   0.49 0.   0.49 0.   0.   0.   0.   0.49]\n",
      " [0.   0.   1.   0.   0.   0.   0.   0.49 0.   0.49 0.   0.   0.   0.49]\n",
      " [0.   0.   0.   1.   0.   0.   0.   0.   0.49 0.   0.49 0.   0.49 0.  ]\n",
      " [0.   0.   0.   0.   1.   0.   0.   0.   0.   0.49 0.   0.49 0.   0.  ]\n",
      " [0.   0.   0.   0.   0.   1.   0.   0.   0.   0.   0.49 0.   0.   0.  ]\n",
      " [0.   0.49 0.   0.   0.   0.   1.   0.   0.   0.   0.   0.   0.   0.49]\n",
      " [0.49 0.   0.49 0.   0.   0.   0.   1.   0.   0.   0.   0.   0.49 0.  ]\n",
      " [0.   0.49 0.   0.49 0.   0.   0.   0.   1.   0.   0.   0.   0.49 0.  ]\n",
      " [0.   0.   0.49 0.   0.49 0.   0.   0.   0.   1.   0.   0.   0.   0.49]\n",
      " [0.   0.   0.   0.49 0.   0.49 0.   0.   0.   0.   1.   0.   0.   0.  ]\n",
      " [0.   0.   0.   0.   0.49 0.   0.   0.   0.   0.   0.   1.   0.   0.  ]\n",
      " [0.49 0.   0.   0.49 0.   0.   0.   0.49 0.49 0.   0.   0.   1.   0.  ]\n",
      " [0.   0.49 0.49 0.   0.   0.   0.49 0.   0.   0.49 0.   0.   0.   1.  ]]\n",
      "y [ 1.  1.  1.  1.  1.  1. -1. -1. -1. -1. -1. -1.  1. -1.]\n",
      "[  3.09175364  51.0167512   52.23538258   6.79738785   6.34388741\n",
      "   4.10850483  -3.09175364 -51.0167512  -52.23538258  -6.79738785\n",
      "  -6.34388741  -4.10850483  46.74786622 -46.74786622]\n"
     ]
    }
   ],
   "source": [
    "print(K)\n",
    "I = np.identity(n-1)\n",
    "\n",
    "def create_y(n):\n",
    "    A = np.ones(n-1)\n",
    "    B = A * -1\n",
    "    C = np.array([1, -1])\n",
    "    D = np.concatenate([A, B, C])\n",
    "    return D\n",
    "y = create_y(n)\n",
    "print('y', y)\n",
    "a = np.linalg.solve(K, y)\n",
    "print(a)"
   ]
  },
  {
   "cell_type": "code",
   "execution_count": 10,
   "metadata": {},
   "outputs": [
    {
     "name": "stdout",
     "output_type": "stream",
     "text": [
      "[[ 1.77872346 -0.18100356  0.56377777  0.38931158  0.22298852  0.12300791\n",
      "   0.12839299 -0.72372969  0.32202498 -0.34581423 -0.25103655 -0.10926437\n",
      "  -0.86550187 -0.08102295]\n",
      " [-0.18100356 10.14096258  7.25512284  1.25095464 -0.65075524  0.39525491\n",
      "  -0.72372969 -7.15161178 -9.26733277  1.00920185 -0.80664268  0.31887007\n",
      "   7.5210068  -8.66396322]\n",
      " [ 0.56377777  7.25512284 10.23238036 -0.64519191  1.07165696 -0.20385653\n",
      "   0.32202498 -9.26733277 -7.21608144 -1.66194311  0.41603374 -0.52511191\n",
      "   8.1167659  -7.91231669]\n",
      " [ 0.38931158  1.25095464 -0.64519191  3.94448128 -0.54985728  1.24630867\n",
      "  -0.34581423  1.00920185 -1.66194311  0.85272764 -2.54348707  0.26943007\n",
      "  -1.80371529 -0.54521131]\n",
      " [ 0.22298852 -0.65075524  1.07165696 -0.54985728  2.95605825 -0.17373435\n",
      "  -0.25103655 -0.80664268  0.41603374 -2.54348707  0.3545599  -1.44846854\n",
      "   0.35156407  1.16307473]\n",
      " [ 0.12300791  0.39525491 -0.20385653  1.24630867 -0.17373435  1.70974959\n",
      "  -0.10926437  0.31887007 -0.52511191  0.26943007 -1.44846854  0.08512983\n",
      "  -0.56990662 -0.1722664 ]\n",
      " [ 0.12839299 -0.72372969  0.32202498 -0.34581423 -0.25103655 -0.10926437\n",
      "   1.77872346 -0.18100356  0.56377777  0.38931158  0.22298852  0.12300791\n",
      "  -0.08102295 -0.86550187]\n",
      " [-0.72372969 -7.15161178 -9.26733277  1.00920185 -0.80664268  0.31887007\n",
      "  -0.18100356 10.14096258  7.25512284  1.25095464 -0.65075524  0.39525491\n",
      "  -8.66396322  7.5210068 ]\n",
      " [ 0.32202498 -9.26733277 -7.21608144 -1.66194311  0.41603374 -0.52511191\n",
      "   0.56377777  7.25512284 10.23238036 -0.64519191  1.07165696 -0.20385653\n",
      "  -7.91231669  8.1167659 ]\n",
      " [-0.34581423  1.00920185 -1.66194311  0.85272764 -2.54348707  0.26943007\n",
      "   0.38931158  1.25095464 -0.64519191  3.94448128 -0.54985728  1.24630867\n",
      "  -0.54521131 -1.80371529]\n",
      " [-0.25103655 -0.80664268  0.41603374 -2.54348707  0.3545599  -1.44846854\n",
      "   0.22298852 -0.65075524  1.07165696 -0.54985728  2.95605825 -0.17373435\n",
      "   1.16307473  0.35156407]\n",
      " [-0.10926437  0.31887007 -0.52511191  0.26943007 -1.44846854  0.08512983\n",
      "   0.12300791  0.39525491 -0.20385653  1.24630867 -0.17373435  1.70974959\n",
      "  -0.1722664  -0.56990662]\n",
      " [-0.86550187  7.5210068   8.1167659  -1.80371529  0.35156407 -0.56990662\n",
      "  -0.08102295 -8.66396322 -7.91231669 -0.54521131  1.16307473 -0.1722664\n",
      "  10.43029356 -7.35565383]\n",
      " [-0.08102295 -8.66396322 -7.91231669 -0.54521131  1.16307473 -0.1722664\n",
      "  -0.86550187  7.5210068   8.1167659  -1.80371529  0.35156407 -0.56990662\n",
      "  -7.35565383 10.43029356]]\n",
      "[  3.09175364  51.0167512   52.23538258   6.79738785   6.34388741\n",
      "   4.10850483  -3.09175364 -51.0167512  -52.23538258  -6.79738785\n",
      "  -6.34388741  -4.10850483  46.74786622 -46.74786622]\n"
     ]
    }
   ],
   "source": [
    "#inverse solution for exceptions\n",
    "K_inv = np.linalg.inv(K)\n",
    "print(K_inv)\n",
    "a = np.dot(K_inv, y)\n",
    "print(a)\n"
   ]
  },
  {
   "cell_type": "code",
   "execution_count": 11,
   "metadata": {},
   "outputs": [
    {
     "name": "stdout",
     "output_type": "stream",
     "text": [
      "[  3.09175364  51.0167512   52.23538258   6.79738785   6.34388741\n",
      "   4.10850483  -3.09175364 -51.0167512  -52.23538258  -6.79738785\n",
      "  -6.34388741  -4.10850483  46.74786622 -46.74786622]\n",
      "7\n"
     ]
    }
   ],
   "source": [
    "#dual coefficients\n",
    "print(a)\n",
    "print(n)\n"
   ]
  },
  {
   "cell_type": "code",
   "execution_count": 12,
   "metadata": {},
   "outputs": [
    {
     "name": "stdout",
     "output_type": "stream",
     "text": [
      "{1: 3.09175363659178, 2: 51.016751195926076, 3: 52.23538258078389, 4: 6.797387847690047, 5: 6.343887413301915, 6: 4.108504832517937}\n",
      "{1: -3.091753636591781, 2: -51.016751195926076, 3: -52.23538258078389, 4: -6.797387847690052, 5: -6.343887413301911, 6: -4.108504832517939}\n",
      "46.74786622328979\n",
      "-46.74786622328979\n"
     ]
    }
   ],
   "source": [
    "# Create a dictionary with keys generated using the index and values from the array\n",
    "num_coeff = n-1\n",
    "b = {i: a[i-1] for i in range(1, num_coeff + 1)}\n",
    "b_bar = {i: a[i-1+n-1] for i in range(1, num_coeff + 1)}\n",
    "c = {1: a[2 * num_coeff]}\n",
    "c_bar = {1: a[2 * num_coeff + 1]}\n",
    "print(b)\n",
    "print(b_bar)\n",
    "print(c[1])\n",
    "print(c_bar[1])"
   ]
  },
  {
   "cell_type": "code",
   "execution_count": 13,
   "metadata": {},
   "outputs": [
    {
     "data": {
      "text/plain": [
       "{1: 3.09175363659178,\n",
       " 2: 51.016751195926076,\n",
       " 3: 52.23538258078389,\n",
       " 4: 6.797387847690047,\n",
       " 5: 6.343887413301915,\n",
       " 6: 4.108504832517937}"
      ]
     },
     "execution_count": 13,
     "metadata": {},
     "output_type": "execute_result"
    }
   ],
   "source": [
    "p\n",
    "b"
   ]
  },
  {
   "cell_type": "code",
   "execution_count": 14,
   "metadata": {},
   "outputs": [],
   "source": [
    "#f(j,k)\n",
    "\n",
    "def e_i(i,n):\n",
    "    e = np.zeros(n-1)\n",
    "    if i >= 1 and i < n:\n",
    "        i = i-1\n",
    "        e[i] = 1\n",
    "    return e\n",
    "\n",
    "\n"
   ]
  },
  {
   "cell_type": "code",
   "execution_count": 15,
   "metadata": {},
   "outputs": [],
   "source": [
    "# n = 4\n",
    "\n",
    "# print(e_i(4, 4))\n",
    "\n",
    "# A = k_block(4, 1, False)\n",
    "# B = np.linalg.inv(np.identity(n-1) - (A*k_o))\n",
    "# b_til = B * np.identity(n-1)\n",
    "\n",
    "# K_mult = np.ones(n-1) - (c[1]*k_o*(e_i(p, 4) + e_i(q-1, 4) - e_i(p-1, 4) - e_i(q, 4)))\n",
    "# b_analytical = np.dot(B, K_mult)\n",
    "\n",
    "# c_analytical = 1 - (k_o * (b[q-1] - b[p-1] - b[q]))\n",
    "# print(b_analytical)\n",
    "# print(b)\n",
    "# print(c)\n",
    "# print(c_analytical)\n",
    "\n",
    "# print(np.dot(K[2*(n-1),:], a))"
   ]
  },
  {
   "cell_type": "code",
   "execution_count": 16,
   "metadata": {},
   "outputs": [
    {
     "name": "stdout",
     "output_type": "stream",
     "text": [
      "4 2\n"
     ]
    }
   ],
   "source": [
    "np.dot(K, a)\n",
    "print(p,q)"
   ]
  },
  {
   "cell_type": "code",
   "execution_count": 17,
   "metadata": {},
   "outputs": [
    {
     "name": "stdout",
     "output_type": "stream",
     "text": [
      "[[1.   0.   0.   0.   0.   0.   0.   0.49 0.   0.   0.   0.   0.49 0.  ]\n",
      " [0.   1.   0.   0.   0.   0.   0.49 0.   0.49 0.   0.   0.   0.   0.49]\n",
      " [0.   0.   1.   0.   0.   0.   0.   0.49 0.   0.49 0.   0.   0.   0.49]\n",
      " [0.   0.   0.   1.   0.   0.   0.   0.   0.49 0.   0.49 0.   0.49 0.  ]\n",
      " [0.   0.   0.   0.   1.   0.   0.   0.   0.   0.49 0.   0.49 0.   0.  ]\n",
      " [0.   0.   0.   0.   0.   1.   0.   0.   0.   0.   0.49 0.   0.   0.  ]\n",
      " [0.   0.49 0.   0.   0.   0.   1.   0.   0.   0.   0.   0.   0.   0.49]\n",
      " [0.49 0.   0.49 0.   0.   0.   0.   1.   0.   0.   0.   0.   0.49 0.  ]\n",
      " [0.   0.49 0.   0.49 0.   0.   0.   0.   1.   0.   0.   0.   0.49 0.  ]\n",
      " [0.   0.   0.49 0.   0.49 0.   0.   0.   0.   1.   0.   0.   0.   0.49]\n",
      " [0.   0.   0.   0.49 0.   0.49 0.   0.   0.   0.   1.   0.   0.   0.  ]\n",
      " [0.   0.   0.   0.   0.49 0.   0.   0.   0.   0.   0.   1.   0.   0.  ]\n",
      " [0.49 0.   0.   0.49 0.   0.   0.   0.49 0.49 0.   0.   0.   1.   0.  ]\n",
      " [0.   0.49 0.49 0.   0.   0.   0.49 0.   0.   0.49 0.   0.   0.   1.  ]]\n"
     ]
    }
   ],
   "source": [
    "print(K)"
   ]
  },
  {
   "cell_type": "code",
   "execution_count": 18,
   "metadata": {},
   "outputs": [
    {
     "data": {
      "text/plain": [
       "array([[0. , 0.5, 0. , 0. , 0. , 0. , 0. ],\n",
       "       [0.5, 0. , 0.5, 0. , 0. , 0. , 0. ],\n",
       "       [0. , 0.5, 0. , 0.5, 0. , 0. , 0. ],\n",
       "       [0. , 0. , 0.5, 0. , 0.5, 0. , 0. ],\n",
       "       [0. , 0. , 0. , 0.5, 0. , 0.5, 0. ],\n",
       "       [0. , 0. , 0. , 0. , 0.5, 0. , 0.5],\n",
       "       [0. , 0. , 0. , 0. , 0. , 0.5, 0. ]])"
      ]
     },
     "execution_count": 18,
     "metadata": {},
     "output_type": "execute_result"
    }
   ],
   "source": [
    "B"
   ]
  },
  {
   "cell_type": "code",
   "execution_count": 19,
   "metadata": {},
   "outputs": [
    {
     "name": "stdout",
     "output_type": "stream",
     "text": [
      "[ 5.15364635  8.47682928 10.10518891 10.10518891  8.47682928  5.15364635]\n",
      "b_analytical [ 3.09175364 51.0167512  52.23538258  6.79738785  6.34388741  4.10850483]\n",
      "{1: 3.09175363659178, 2: 51.016751195926076, 3: 52.23538258078389, 4: 6.797387847690047, 5: 6.343887413301915, 6: 4.108504832517937}\n",
      "[  3.09175364  51.0167512   52.23538258   6.79738785   6.34388741\n",
      "   4.10850483  -3.09175364 -51.0167512  -52.23538258  -6.79738785\n",
      "  -6.34388741  -4.10850483  46.74786622 -46.74786622]\n"
     ]
    }
   ],
   "source": [
    "#TODO: b_analytical -> FIX\n",
    "\n",
    "A = k_block(n, 1, False)\n",
    "B = np.linalg.inv(np.identity(n-1) - (A*alpha_prime))\n",
    "b_til = B @ np.ones(n-1)\n",
    "print(b_til)\n",
    "\n",
    "K_mult = np.ones(n-1) - (c[1]*alpha_prime*(e_i(p, n) + e_i(q-1, n) - e_i(p-1, n) - e_i(q, n)))\n",
    "b_analytical = B @ K_mult\n",
    "print('b_analytical', b_analytical)\n",
    "print(b)\n",
    "print(a)"
   ]
  },
  {
   "cell_type": "code",
   "execution_count": 20,
   "metadata": {},
   "outputs": [
    {
     "name": "stdout",
     "output_type": "stream",
     "text": [
      "4 2\n"
     ]
    }
   ],
   "source": [
    "print(p,q)"
   ]
  },
  {
   "cell_type": "code",
   "execution_count": 21,
   "metadata": {},
   "outputs": [],
   "source": [
    "# print(e_i(4, n))\n",
    "\n",
    "# A = k_block(n, k_o, False)\n",
    "# B = np.linalg.inv(np.identity(n-1) - (A*k_o))\n",
    "# b_til = B * np.identity(n-1)\n",
    "\n",
    "# K_mult = np.ones(n-1) - (c[1]*alpha_prime*(e_i(p, n) + e_i(q-1, n) - e_i(p-1, n) - e_i(q, n)))\n",
    "# b_analytical = np.dot(B, K_mult)\n",
    "\n",
    "# c_analytical = 1 - (k_o * (b[p] + b[q-1] - b[p-1] - b[q]))\n",
    "# print('b_analytical', b_analytical)\n",
    "# print(b)\n",
    "# print('c_analytical', c_analytical)\n",
    "# print('c', c)\n",
    "# print('a', a)\n",
    "# print('c', c)\n",
    "\n",
    "# print(np.dot(K[2*(n-1),:], a))\n",
    "\n",
    "# print(K[2*(n-1),:])\n",
    "# print(K_mult)\n",
    "\n",
    "# print(np.identity(n-1) - (A*k_o))"
   ]
  },
  {
   "cell_type": "code",
   "execution_count": 22,
   "metadata": {},
   "outputs": [
    {
     "name": "stdout",
     "output_type": "stream",
     "text": [
      "0.3658536585365854\n",
      "0.09756097560975611\n",
      "0.024390243902439032\n",
      "0.0\n",
      "-0.024390243902439032\n",
      "-0.09756097560975611\n",
      "-0.3658536585365854\n",
      "[0.3658536585365854, 0.09756097560975611, 0.024390243902439032, 0.0, -0.024390243902439032, -0.09756097560975611, -0.3658536585365854]\n"
     ]
    },
    {
     "data": {
